keyword_selection_parameters:  
  spacy_keywords_weight: 4.83851159026567 
  rake_keywords_weight: 7.842737662566781
  tf_IDF_keywords_weight: 13.398687727020615
  LDA_keywords_weight: 2.55406739845938
  NMF_keywords_weight: 8.914646670670534
  frequency_threshold1: 0.44476609161056757
  frequency_threshold2: 1.4961382350421764
  frequency_weight1: -76.61877326885484
  frequency_weight2: -152.15844398325748
  digit_weight: -300.7217966188361
  highest_rank: 36.6271044466443
  rank_weight: 1.481194161401542
  position_weight: 99.44252373090525
  position_ratio_weight: 1.653809185070715
spacy:
  LOC: 0.9608295051093586
  ORG: 0.8297724930688525
  MISC: 0.7790837656280445
  batch_size: 10.018274683324458
rake:
  max_length: 2.034692120667272
tf_IDF:
  min_keywords: 3.415940017627207
  max_keywords: 6.454754678653859
  keywords_multiplier: 0.8900943087895676
LDA:
  num_topics_multiplier: 0.0015180271994925936
  passes: 14.261908455475446
NMF:
  num_topics_multiplier: 0.17072399488445794
  max_iter: 99.44626000257949
